round:0
0,0,0,0,
0,0,0,0,
0,0,4,0,
0,0,0,2,
round:1
0,0,0,0,
0,0,4,0,
0,0,0,4,
0,0,0,2,
round:2
0,0,0,0,
0,4,0,4,
0,0,0,4,
0,0,0,2,
round:3
0,0,0,4,
0,0,0,8,
0,0,0,4,
0,0,0,2,
round:4
0,0,0,4,
0,0,0,8,
0,0,0,4,
0,0,0,2,
round:5
0,0,0,4,
0,0,0,8,
0,0,0,4,
0,0,0,2,
round:6
0,0,0,4,
0,0,0,8,
0,0,0,4,
0,0,0,2,
round:7
0,0,0,4,
0,0,0,8,
0,0,0,4,
0,0,0,2,
round:8
0,0,0,4,
0,0,0,8,
0,0,0,4,
0,0,0,2,
round:9
0,0,0,4,
0,0,0,8,
0,0,0,4,
0,0,0,2,
round:10
0,0,0,4,
0,0,0,8,
0,0,0,4,
0,0,0,2,
round:11
0,0,0,4,
0,0,0,8,
0,0,0,4,
0,0,0,2,
round:12
4,0,0,0,
8,0,0,0,
4,0,4,0,
2,0,0,0,
round:13
4,0,0,0,
8,0,0,0,
8,0,4,0,
2,0,0,0,
round:14
4,0,0,0,
8,0,0,2,
8,4,0,0,
2,0,0,0,
round:15
4,0,0,0,
8,2,0,0,
8,4,4,0,
2,0,0,0,
round:16
4,0,0,0,
8,2,4,0,
8,8,0,0,
2,0,0,0,
round:17
4,2,0,0,
8,2,4,0,
16,0,0,0,
2,0,0,0,
round:18
4,2,0,0,
8,2,4,0,
16,0,0,0,
2,0,0,0,
round:19
4,2,0,0,
8,2,4,0,
16,0,0,0,
2,0,0,0,
round:20
4,2,0,0,
8,2,4,0,
16,0,0,0,
2,0,0,0,
round:21
4,2,0,0,
8,2,4,0,
16,0,0,0,
2,0,0,0,
round:22
4,2,0,0,
8,2,4,0,
16,0,0,0,
2,0,0,0,
round:23
4,2,0,0,
8,2,4,0,
16,0,0,0,
2,0,0,0,
round:24
4,2,0,0,
8,2,4,0,
16,0,0,0,
2,0,0,0,
round:25
4,4,4,0,
8,0,2,0,
16,0,0,0,
2,0,0,0,
round:26
4,4,4,0,
8,0,2,0,
16,0,0,0,
2,0,0,0,
round:27
4,4,4,0,
8,0,2,0,
16,0,0,0,
2,0,0,0,
round:28
4,4,4,0,
8,0,2,0,
16,0,0,0,
2,0,0,0,
round:29
4,4,4,0,
8,0,2,0,
16,0,0,0,
2,0,0,0,
round:30
4,4,4,0,
8,0,2,0,
16,0,0,0,
2,0,0,0,
round:31
4,4,4,0,
8,0,2,0,
16,0,0,0,
2,0,0,0,
round:32
4,4,4,0,
8,0,2,0,
16,0,0,0,
2,0,0,0,
round:33
4,0,0,0,
8,0,0,0,
16,0,4,0,
2,4,2,2,
round:34
4,0,0,0,
8,0,0,0,
16,0,4,0,
2,4,2,2,
round:35
4,0,0,0,
8,0,0,0,
16,0,4,0,
2,4,2,2,
round:36
4,0,0,0,
8,0,0,0,
16,0,4,0,
2,4,2,2,
round:37
4,0,0,0,
8,0,0,0,
16,0,4,0,
2,4,2,2,
round:38
4,0,0,0,
8,0,0,0,
16,0,4,0,
2,4,2,2,
round:39
4,0,0,0,
8,0,0,0,
16,0,4,0,
2,4,2,2,
round:40
4,0,0,0,
8,0,0,0,
16,0,4,0,
2,4,2,2,
round:41
4,0,0,0,
8,0,0,0,
16,0,4,0,
2,4,2,2,
round:42
4,0,0,0,
8,0,0,0,
16,0,4,0,
2,4,2,2,
round:43
4,0,0,0,
8,0,0,0,
16,0,4,0,
2,4,2,2,
round:44
0,0,0,4,
0,0,0,8,
0,0,16,4,
2,2,4,4,
round:45
0,0,4,4,
0,0,0,8,
0,0,16,4,
0,0,4,8,
round:46
0,0,0,8,
0,0,0,8,
4,0,16,4,
0,0,4,8,
round:47
0,2,0,8,
0,0,0,8,
0,4,16,4,
0,0,4,8,
round:48
0,0,2,8,
0,0,2,8,
0,4,16,4,
0,0,4,8,
round:49
0,0,2,8,
0,0,2,8,
0,4,16,4,
0,0,4,8,
round:50
0,0,2,8,
0,0,2,8,
0,4,16,4,
0,0,4,8,
round:51
0,0,2,8,
0,0,2,8,
0,4,16,4,
0,0,4,8,
round:52
0,0,2,8,
0,0,2,8,
0,4,16,4,
0,0,4,8,
round:53
0,0,2,8,
0,0,2,8,
0,4,16,4,
0,0,4,8,
round:54
0,0,2,8,
0,0,2,8,
0,4,16,4,
0,0,4,8,
round:55
0,0,2,8,
0,0,2,8,
0,4,16,4,
0,0,4,8,
round:56
0,0,2,8,
0,0,2,8,
0,4,16,4,
0,0,4,8,
round:57
2,8,0,0,
2,8,0,0,
4,16,4,4,
4,8,0,0,
round:58
2,8,0,0,
2,8,4,0,
4,16,8,0,
4,8,0,0,
round:59
2,8,0,0,
2,8,4,0,
4,16,8,0,
4,8,0,0,
round:60
2,8,0,0,
2,8,4,0,
4,16,8,0,
4,8,0,0,
round:61
2,8,0,0,
2,8,4,0,
4,16,8,0,
4,8,0,0,
round:62
2,8,0,0,
2,8,4,0,
4,16,8,0,
4,8,0,0,
