round:0
0,0,0,0,
0,0,4,0,
0,0,0,0,
0,4,0,0,
round:1
0,0,0,0,
4,0,0,0,
0,2,0,0,
4,0,0,0,
round:2
0,0,0,0,
0,0,0,4,
0,0,0,2,
0,0,4,4,
round:3
0,0,4,4,
0,0,0,2,
0,0,0,4,
4,0,0,0,
round:4
0,0,0,8,
0,0,0,2,
0,0,2,4,
0,0,0,4,
round:5
0,0,2,8,
0,0,0,2,
0,0,0,8,
0,0,0,2,
round:6
0,0,0,8,
0,0,0,2,
0,4,0,8,
0,0,2,2,
round:7
0,0,0,8,
0,0,2,2,
0,0,4,8,
0,0,0,4,
round:8
0,4,0,8,
0,0,0,4,
0,0,4,8,
0,0,0,4,
round:9
0,0,4,8,
0,0,4,4,
0,0,4,8,
0,0,0,4,
round:10
0,0,4,8,
0,0,0,8,
0,0,4,8,
0,4,0,4,
round:11
0,4,8,16,
0,0,0,8,
0,2,0,4,
0,0,0,0,
round:12
0,4,8,16,
0,0,0,8,
0,2,2,4,
0,0,0,0,
round:13
4,4,8,16,
0,0,0,8,
0,0,4,4,
0,0,0,0,
round:14
0,8,8,16,
0,0,0,8,
0,0,4,8,
0,0,0,0,
round:15
0,8,8,16,
0,2,4,16,
0,0,0,0,
0,0,0,0,
round:16
0,0,16,16,
0,2,4,16,
0,0,0,0,
4,0,0,0,
round:17
0,0,0,32,
0,2,4,16,
0,2,0,0,
0,0,0,4,
round:18
0,4,4,32,
0,4,0,16,
0,0,0,4,
0,0,0,0,
round:19
0,0,8,32,
0,0,4,16,
0,2,0,4,
0,0,0,0,
round:20
0,0,8,32,
0,0,4,16,
4,0,2,4,
0,0,0,0,
round:21
0,0,8,32,
0,0,4,16,
0,4,2,4,
2,0,0,0,
round:22
0,0,8,32,
0,0,4,16,
0,4,2,4,
0,0,4,2,
round:23
2,0,8,32,
0,0,4,16,
0,0,2,4,
0,4,4,2,
round:24
0,2,8,32,
0,0,4,16,
0,2,2,4,
0,0,8,2,
round:25
4,2,8,32,
0,0,4,16,
0,0,4,4,
0,0,8,2,
round:26
4,2,8,32,
0,2,4,16,
0,0,0,8,
0,0,8,2,
round:27
4,4,8,32,
0,0,4,16,
0,0,8,8,
0,2,0,2,
round:28
0,8,8,32,
0,0,4,16,
0,0,0,16,
0,4,0,4,
round:29
0,8,8,32,
0,4,4,32,
0,0,0,4,
0,0,0,4,
round:30
0,8,8,64,
0,4,4,8,
0,0,0,0,
0,0,2,0,
round:31
4,0,16,64,
0,0,8,8,
0,0,0,0,
0,0,0,2,
round:32
0,4,16,64,
4,0,0,16,
0,0,0,0,
0,0,0,2,
round:33
0,4,16,64,
0,0,4,16,
0,0,0,4,
0,0,0,2,
round:34
0,0,0,64,
0,0,0,16,
0,0,16,4,
2,4,4,2,
round:35
2,4,16,64,
0,0,4,16,
0,2,0,4,
0,0,0,2,
round:36
2,4,16,64,
0,0,4,16,
0,0,2,4,
0,4,0,2,
round:37
4,0,0,64,
0,0,16,16,
0,0,4,4,
2,8,2,2,
round:38
0,0,4,64,
0,0,0,32,
0,2,0,8,
0,2,8,4,
round:39
0,0,0,64,
0,0,0,32,
4,0,4,8,
0,4,8,4,
round:40
0,0,0,64,
0,0,0,32,
2,0,8,8,
0,4,8,4,
round:41
0,0,0,64,
0,0,0,32,
0,0,2,16,
4,4,8,4,
round:42
0,0,0,64,
0,0,0,32,
0,0,2,16,
4,8,8,4,
round:43
0,0,0,64,
0,0,0,32,
0,0,2,16,
4,4,16,4,
round:44
0,0,0,64,
0,0,4,32,
0,0,2,16,
0,8,16,4,
round:45
0,8,4,64,
0,0,2,32,
0,0,16,16,
0,2,0,4,
round:46
0,8,4,64,
4,0,2,32,
0,0,0,32,
0,0,2,4,
round:47
4,8,4,64,
0,0,4,64,
0,0,0,4,
2,0,0,0,
round:48
4,8,8,128,
2,0,0,4,
0,4,0,0,
0,0,0,0,
round:49
2,4,16,128,
0,0,2,4,
0,0,0,4,
0,0,0,0,
round:50
2,4,16,128,
0,2,2,8,
0,0,0,0,
0,0,0,0,
round:51
2,4,16,128,
0,0,4,8,
0,0,0,4,
0,0,0,0,
round:52
0,0,0,0,
4,0,0,128,
0,0,16,8,
2,4,4,4,
round:53
4,4,16,128,
2,0,4,8,
0,0,2,4,
0,0,0,0,
round:54
0,8,16,128,
0,2,4,8,
0,0,2,4,
0,2,0,0,
round:55
4,8,16,128,
0,2,4,8,
0,0,2,4,
0,0,0,2,
round:56
4,8,16,128,
0,2,4,8,
0,0,2,4,
0,0,0,2,
round:57
0,0,4,128,
0,0,16,8,
0,8,4,4,
4,2,2,2,
round:58
4,0,4,128,
0,0,16,8,
0,0,8,8,
0,4,2,4,
round:59
4,4,4,128,
0,2,16,16,
0,0,8,4,
0,0,2,0,
round:60
4,4,8,128,
0,0,2,32,
0,0,8,4,
0,0,0,2,
round:61
2,8,8,128,
0,0,2,32,
0,0,8,4,
0,0,0,2,
round:62
0,2,16,128,
0,0,2,32,
0,2,8,4,
0,0,0,2,
round:63
2,4,16,128,
0,0,2,32,
0,0,8,4,
0,0,0,2,
round:64
0,0,2,128,
0,0,16,32,
0,0,2,4,
2,4,8,2,
round:65
2,4,2,128,
0,0,16,32,
0,0,2,4,
0,4,8,2,
round:66
0,0,2,128,
0,4,16,32,
0,0,2,4,
2,8,8,2,
round:67
2,0,2,128,
0,4,16,32,
0,0,2,4,
0,2,16,2,
round:68
2,4,2,128,
0,2,16,32,
0,0,2,4,
2,0,16,2,
round:69
2,0,2,128,
0,0,16,32,
0,4,2,4,
4,2,16,2,
round:70
2,4,2,128,
4,2,16,32,
0,0,2,4,
4,0,16,2,
round:71
2,4,2,128,
4,2,16,32,
0,0,2,4,
4,4,16,2,
round:72
2,4,2,128,
4,2,16,32,
0,0,2,4,
4,8,16,2,
round:73
2,4,2,128,
8,2,16,32,
2,8,2,4,
0,0,16,2,
round:74
0,2,2,128,
2,4,16,32,
8,2,2,4,
2,8,16,2,
round:75
4,0,4,128,
2,4,16,32,
0,8,4,4,
2,8,16,2,
round:76
0,0,8,128,
2,4,16,32,
0,2,8,8,
2,8,16,2,
round:77
4,4,8,128,
0,2,16,32,
4,8,8,8,
0,0,16,2,
round:78
0,8,8,128,
0,2,16,32,
0,4,8,16,
0,2,16,2,
round:79
0,0,16,128,
0,2,16,32,
0,4,8,16,
2,2,16,2,
round:80
0,0,0,128,
0,2,32,32,
2,4,8,16,
2,2,16,2,
round:81
0,0,0,128,
0,4,2,64,
2,4,8,16,
0,4,16,2,
round:82
2,8,2,128,
0,4,8,64,
0,4,16,16,
0,0,0,2,
round:83
2,8,2,128,
2,4,8,64,
0,0,4,32,
0,0,0,2,
round:84
4,8,2,128,
0,4,8,64,
2,0,4,32,
0,0,0,2,
round:85
4,8,2,128,
2,4,8,64,
0,2,4,32,
0,0,0,2,
round:86
4,8,2,128,
2,4,8,64,
2,4,32,0,
2,0,2,0,
round:87
4,8,2,128,
2,4,8,64,
0,2,4,32,
4,0,0,4,
round:88
4,8,2,128,
2,4,8,64,
0,2,4,32,
0,2,0,8,
round:89
0,0,0,128,
4,8,2,64,
4,4,8,32,
2,4,4,8,
round:90
0,0,0,128,
4,8,2,64,
0,8,8,32,
4,2,8,8,
round:91
0,4,0,128,
4,8,2,64,
0,0,16,32,
0,4,2,16,
round:92
0,0,0,128,
0,4,2,64,
4,8,16,32,
4,4,2,16,
round:93
0,0,0,128,
0,4,2,64,
4,8,16,32,
4,8,2,16,
round:94
0,0,0,128,
4,0,2,64,
0,4,16,32,
8,16,2,16,
round:95
4,4,2,128,
8,16,16,64,
0,2,2,32,
0,0,0,16,
round:96
0,8,2,128,
0,8,32,64,
0,0,4,32,
0,2,0,16,
round:97
0,0,0,128,
0,4,2,64,
0,16,32,32,
0,2,4,16,
round:98
0,2,0,128,
0,4,2,64,
0,0,16,64,
0,2,4,16,
round:99
0,2,2,128,
4,4,16,128,
0,2,4,16,
0,0,0,0,
round:100
4,2,2,256,
2,4,16,16,
0,2,4,0,
0,0,0,0,
round:101
0,4,4,256,
0,2,4,32,
2,0,2,4,
0,0,0,0,
round:102
0,0,8,256,
0,2,4,32,
2,0,4,4,
0,0,0,0,
round:103
0,0,8,256,
0,2,4,32,
0,0,2,8,
0,4,0,0,
round:104
0,0,8,256,
0,2,4,32,
0,0,2,8,
0,0,2,4,
round:105
0,0,0,256,
4,0,8,32,
0,0,4,8,
0,2,4,4,
round:106
0,0,0,256,
0,4,8,32,
4,0,4,8,
0,0,2,8,
round:107
4,4,8,256,
2,0,4,32,
0,0,2,16,
0,0,0,0,
round:108
0,8,8,256,
2,2,4,32,
0,0,2,16,
0,0,0,0,
round:109
0,0,16,256,
0,4,4,32,
0,0,2,16,
0,4,0,0,
round:110
0,0,16,256,
0,4,8,32,
0,0,2,16,
0,0,0,4,
round:111
0,0,0,256,
0,0,16,32,
0,4,8,16,
0,4,2,4,
round:112
0,8,16,256,
0,0,8,32,
4,0,2,16,
0,0,0,4,
round:113
0,8,16,256,
0,4,8,32,
0,4,2,16,
0,0,0,4,
round:114
0,8,16,256,
0,8,8,32,
0,4,2,16,
0,0,0,4,
round:115
0,8,16,256,
0,0,16,32,
4,4,2,16,
0,0,0,4,
round:116
4,8,32,256,
0,4,2,32,
4,0,0,16,
0,0,0,4,
round:117
4,8,32,256,
0,4,2,32,
0,0,4,16,
2,0,0,4,
round:118
0,4,0,256,
0,0,32,32,
4,8,2,16,
2,4,4,4,
round:119
0,0,4,256,
0,0,0,64,
4,8,2,16,
2,2,4,8,
round:120
4,8,4,256,
2,2,2,64,
0,0,4,16,
4,0,0,8,
round:121
4,8,4,256,
0,2,4,64,
0,0,4,16,
4,0,4,8,
round:122
0,0,0,256,
0,0,4,64,
0,8,8,16,
8,2,8,8,
round:123
0,0,0,256,
0,0,4,64,
0,2,16,16,
0,8,2,16,
round:124
0,0,0,256,
0,0,4,64,
0,4,2,32,
0,8,2,16,
round:125
0,0,0,256,
0,0,4,64,
0,4,4,32,
0,8,4,16,
round:126
0,0,0,256,
0,0,0,64,
4,4,4,32,
0,8,8,16,
round:127
0,0,0,256,
0,0,0,64,
0,4,8,32,
0,4,16,16,
round:128
0,0,0,256,
4,0,0,64,
0,4,8,32,
0,0,4,32,
round:129
4,4,8,256,
0,0,4,64,
0,0,4,64,
0,0,0,0,
round:130
4,4,8,256,
0,0,8,128,
0,0,0,0,
4,0,0,0,
round:131
8,4,16,256,
0,0,0,128,
0,0,4,0,
0,0,0,0,
round:132
8,4,16,256,
0,0,0,128,
0,0,0,4,
2,0,0,0,
round:133
8,4,16,256,
0,4,0,128,
0,0,0,4,
0,0,0,2,
round:134
8,8,16,256,
0,0,0,128,
0,0,0,4,
0,0,4,2,
round:135
0,16,16,256,
4,0,0,128,
0,0,0,4,
0,0,4,2,
round:136
4,0,32,256,
0,0,4,128,
0,0,0,4,
0,0,4,2,
round:137
4,0,32,256,
0,0,8,128,
0,0,4,4,
0,0,0,2,
round:138
0,4,32,256,
0,0,8,128,
0,0,0,8,
4,0,0,2,
round:139
0,0,4,256,
0,0,0,128,
0,0,32,8,
4,4,8,2,
round:140
4,4,4,256,
0,0,32,128,
0,0,8,8,
2,0,0,2,
round:141
0,4,8,256,
0,0,32,128,
0,0,2,16,
0,0,0,4,
round:142
0,0,0,256,
0,0,8,128,
4,0,32,16,
0,4,2,4,
round:143
4,4,8,256,
0,0,32,128,
0,0,2,16,
0,0,4,4,
round:144
0,8,8,256,
0,0,32,128,
0,0,2,16,
0,0,2,8,
round:145
0,2,0,256,
0,0,8,128,
0,0,32,16,
0,8,4,8,
round:146
4,2,8,256,
0,8,32,128,
0,0,4,16,
0,0,0,8,
round:147
0,0,0,256,
0,2,8,128,
0,2,32,16,
4,8,4,8,
round:148
0,0,0,256,
4,0,8,128,
0,4,32,16,
4,8,4,8,
round:149
8,4,8,256,
0,8,32,128,
0,0,4,16,
0,2,0,8,
round:150
4,0,0,256,
0,4,8,128,
0,8,32,16,
8,2,4,8,
round:151
4,4,8,256,
8,8,32,128,
0,2,4,16,
0,0,2,8,
round:152
0,8,8,256,
2,16,32,128,
0,2,4,16,
0,0,2,8,
round:153
0,0,8,256,
0,8,32,128,
4,16,4,16,
2,2,2,8,
round:154
0,4,8,256,
0,8,32,128,
4,16,4,16,
0,2,4,8,
round:155
0,4,0,256,
0,8,8,128,
2,16,32,16,
4,2,8,8,
round:156
4,0,4,256,
0,0,16,128,
2,16,32,16,
0,4,2,16,
round:157
4,16,4,256,
2,4,16,128,
0,0,32,32,
2,0,2,0,
round:158
4,16,4,256,
2,4,16,128,
4,0,0,64,
0,0,0,4,
round:159
0,4,0,256,
4,0,0,128,
2,16,4,64,
4,4,16,4,
round:160
0,2,4,256,
0,0,4,128,
2,16,4,64,
0,8,16,4,
round:161
2,2,8,256,
0,16,4,128,
0,8,16,64,
0,2,0,4,
round:162
0,4,8,256,
0,16,4,128,
0,8,16,64,
4,0,2,4,
round:163
4,4,8,256,
0,16,4,128,
2,8,16,64,
0,0,2,4,
round:164
0,8,8,256,
0,16,4,128,
2,8,16,64,
4,0,2,4,
round:165
2,8,8,256,
4,16,4,128,
0,8,16,64,
0,2,2,4,
round:166
0,2,16,256,
4,16,4,128,
4,8,16,64,
0,0,4,4,
round:167
0,2,16,256,
4,16,4,128,
4,8,16,64,
0,2,0,8,
round:168
8,2,16,256,
0,16,4,128,
0,8,16,64,
0,2,2,8,
round:169
8,2,16,256,
0,16,4,128,
0,8,16,64,
0,2,4,8,
round:170
0,2,16,256,
4,16,4,128,
0,8,16,64,
8,2,4,8,
round:171
4,2,16,256,
8,16,4,128,
2,8,16,64,
0,2,4,8,
round:172
2,2,16,256,
4,16,4,128,
8,8,16,64,
2,2,4,8,
round:173
0,4,16,256,
4,16,4,128,
2,16,16,64,
0,4,4,8,
round:174
0,4,16,256,
4,16,4,128,
2,2,32,64,
0,0,8,8,
round:175
2,4,16,256,
4,16,4,128,
0,4,32,64,
0,0,0,16,
round:176
0,4,0,256,
0,4,16,128,
2,16,4,64,
4,4,32,16,
round:177
0,0,4,256,
0,4,16,128,
2,16,4,64,
4,8,32,16,
round:178
2,4,4,256,
4,16,16,128,
0,8,4,64,
0,4,32,16,
round:179
0,2,8,256,
0,4,32,128,
2,8,4,64,
0,4,32,16,
round:180
2,2,8,256,
0,4,32,128,
4,8,4,64,
0,4,32,16,
round:181
2,4,8,256,
0,4,32,128,
4,8,4,64,
0,4,32,16,
round:182
2,8,8,256,
4,8,32,128,
0,4,4,64,
4,0,32,16,
round:183
0,2,16,256,
4,8,32,128,
2,0,8,64,
0,4,32,16,
round:184
4,2,16,256,
2,8,32,128,
4,4,8,64,
0,0,32,16,
round:185
0,2,16,256,
4,2,32,128,
2,8,8,64,
4,4,32,16,
round:186
0,2,16,256,
4,2,32,128,
2,2,16,64,
0,8,32,16,
round:187
4,4,16,256,
2,2,32,128,
0,8,16,64,
0,2,32,16,
round:188
0,8,16,256,
0,4,32,128,
4,8,16,64,
0,2,32,16,
round:189
4,8,16,256,
0,4,32,128,
0,8,16,64,
2,2,32,16,
round:190
4,8,16,256,
4,4,32,128,
0,8,16,64,
0,4,32,16,
round:191
4,8,16,256,
0,8,32,128,
0,8,16,64,
4,4,32,16,
round:192
4,0,16,256,
0,8,32,128,
0,16,16,64,
8,4,32,16,
round:193
0,4,16,256,
4,8,32,128,
0,0,32,64,
8,4,32,16,
round:194
4,4,16,256,
8,8,64,128,
0,4,32,64,
0,0,2,16,
round:195
0,8,16,256,
0,16,64,128,
2,4,32,64,
0,0,2,16,
round:196
2,8,16,256,
2,16,64,128,
0,4,32,64,
0,0,2,16,
round:197
4,8,16,256,
0,16,64,128,
0,4,32,64,
0,2,2,16,
round:198
4,8,16,256,
0,16,64,128,
0,4,32,64,
0,4,4,16,
round:199
4,8,16,256,
2,16,64,128,
0,4,32,64,
0,0,8,16,
round:200
0,4,16,256,
0,8,64,128,
4,16,32,64,
2,4,8,16,
round:201
4,4,16,256,
2,8,64,128,
0,16,32,64,
4,4,8,16,
round:202
2,8,16,256,
2,8,64,128,
0,16,32,64,
0,8,8,16,
round:203
2,8,16,256,
2,8,64,128,
0,16,32,64,
0,2,16,16,
round:204
4,16,16,256,
0,16,64,128,
0,2,32,64,
0,4,16,16,
round:205
4,32,16,256,
2,2,64,128,
0,4,32,64,
0,0,16,16,
round:206
4,32,16,256,
0,4,64,128,
0,4,32,64,
2,0,0,32,
round:207
4,0,0,256,
0,0,16,128,
4,32,64,64,
2,8,32,32,
round:208
0,0,4,256,
0,0,16,128,
0,4,32,128,
2,2,8,64,
round:209
2,4,4,256,
0,2,16,256,
0,0,32,64,
0,2,8,0,
round:210
2,4,4,512,
0,4,16,64,
0,0,32,0,
2,0,8,0,
round:211
0,2,8,512,
0,4,16,64,
2,0,0,32,
0,0,2,8,
round:212
2,2,8,512,
2,4,16,64,
0,0,2,32,
0,0,0,8,
round:213
0,4,8,512,
2,4,16,64,
0,0,2,32,
4,0,0,8,
round:214
2,8,8,512,
4,0,16,64,
0,0,2,32,
0,4,0,8,
round:215
0,2,16,512,
0,4,16,64,
0,4,2,32,
0,0,4,8,
round:216
0,2,32,512,
0,8,2,64,
0,0,4,32,
0,4,0,8,
round:217
0,2,32,512,
0,8,2,64,
2,0,4,32,
0,0,4,8,
round:218
0,0,4,512,
0,0,32,64,
0,2,2,32,
2,8,8,8,
round:219
0,0,4,512,
0,2,32,64,
0,0,4,32,
0,2,8,16,
round:220
0,4,4,512,
0,0,32,64,
0,2,4,32,
0,0,8,16,
round:221
4,0,4,512,
0,0,32,64,
0,4,4,32,
0,2,8,16,
round:222
0,0,8,512,
0,0,32,64,
0,4,8,32,
0,2,8,16,
round:223
2,0,0,512,
0,0,8,64,
0,4,32,32,
0,2,16,16,
round:224
0,0,2,512,
0,0,8,64,
0,0,4,64,
4,0,2,32,
round:225
4,0,2,512,
0,0,8,128,
2,0,4,32,
0,0,2,0,
round:226
4,0,2,512,
2,0,8,128,
0,2,4,32,
0,0,2,0,
round:227
0,0,2,0,
4,0,8,512,
4,0,4,128,
2,2,2,32,
round:228
8,2,2,512,
2,0,8,128,
0,0,4,32,
0,2,2,0,
round:229
4,8,4,512,
0,2,8,128,
0,0,4,32,
0,0,0,4,
round:230
0,0,0,512,
4,0,4,128,
0,8,8,32,
4,2,4,4,
round:231
4,0,0,512,
0,0,8,128,
0,0,16,32,
0,4,2,8,
round:232
4,4,8,512,
0,0,16,128,
4,0,2,32,
0,0,0,8,
round:233
0,8,8,512,
0,2,16,128,
0,4,2,32,
0,0,0,8,
round:234
0,0,16,512,
0,2,16,128,
4,4,2,32,
0,0,0,8,
round:235
0,0,4,512,
0,0,0,128,
0,2,32,32,
4,4,2,8,
round:236
0,4,4,512,
0,0,0,128,
0,0,2,64,
0,8,2,8,
round:237
0,0,8,512,
4,0,0,128,
0,0,2,64,
0,8,2,8,
round:238
0,0,0,512,
2,0,0,128,
0,0,8,64,
4,8,4,8,
round:239
2,8,8,512,
4,0,4,128,
0,0,0,64,
0,0,4,8,
round:240
0,0,4,512,
0,0,0,128,
2,0,8,64,
4,8,8,8,
round:241
0,0,4,512,
0,0,0,128,
0,2,8,64,
2,4,8,16,
round:242
0,0,0,512,
0,0,2,128,
0,2,4,64,
2,4,16,16,
round:243
0,0,0,512,
0,2,2,128,
0,2,4,64,
0,2,4,32,
round:244
0,0,4,512,
0,0,0,128,
0,2,2,64,
0,4,8,32,
round:245
0,0,4,512,
0,4,0,128,
0,0,4,64,
0,4,8,32,
round:246
0,0,4,512,
0,0,0,128,
0,0,8,64,
0,8,8,32,
round:247
0,2,0,512,
0,0,0,128,
0,0,4,64,
0,8,16,32,
round:248
4,0,2,512,
0,0,0,128,
0,0,4,64,
0,8,16,32,
round:249
0,4,2,512,
2,0,0,128,
0,0,4,64,
0,8,16,32,
round:250
0,4,2,512,
0,2,2,128,
0,0,4,64,
0,8,16,32,
round:251
0,4,2,512,
0,0,4,128,
0,4,4,64,
0,8,16,32,
round:252
0,0,4,512,
0,0,2,128,
0,8,8,64,
0,8,16,32,
round:253
0,4,4,512,
0,0,2,128,
0,0,16,64,
0,8,16,32,
round:254
0,0,0,512,
0,0,4,128,
0,4,2,64,
4,8,32,32,
round:255
0,0,4,512,
0,0,4,128,
0,4,2,64,
0,4,8,64,
round:256
4,8,8,512,
0,0,2,128,
0,0,8,128,
0,0,0,0,
round:257
4,8,8,512,
0,2,2,256,
0,0,8,0,
0,0,0,0,
round:258
0,4,16,512,
0,4,4,256,
0,0,0,8,
0,0,0,0,
round:259
4,4,16,512,
0,0,8,256,
0,0,0,8,
0,0,0,0,
round:260
2,0,0,0,
0,0,0,512,
0,0,16,256,
4,4,8,8,
round:261
2,4,16,512,
4,0,8,256,
0,0,0,8,
0,0,0,4,
round:262
0,0,0,512,
0,0,2,256,
2,0,16,8,
4,4,8,4,
round:263
2,4,2,512,
4,0,16,256,
0,0,8,8,
0,0,4,4,
round:264
2,4,2,512,
0,4,16,256,
0,0,0,16,
0,0,4,8,
round:265
0,0,0,512,
0,0,2,256,
0,2,16,16,
2,8,4,8,
round:266
2,0,0,512,
0,0,2,256,
0,0,2,32,
2,8,4,8,
round:267
2,0,0,512,
0,0,0,256,
0,0,4,32,
4,8,4,8,
round:268
0,0,0,512,
0,0,2,256,
2,0,0,32,
4,8,8,8,
round:269
0,0,0,512,
0,0,2,256,
0,2,2,32,
0,4,8,16,
round:270
0,0,2,512,
0,0,0,256,
0,2,4,32,
0,4,8,16,
round:271
0,0,0,512,
0,2,2,256,
0,2,4,32,
0,4,8,16,
round:272
0,2,0,512,
0,0,4,256,
0,2,4,32,
0,4,8,16,
round:273
0,0,0,512,
0,0,0,256,
4,4,8,32,
0,4,8,16,
round:274
0,0,0,512,
0,0,0,256,
0,2,0,32,
4,8,16,16,
round:275
0,0,0,512,
0,0,0,256,
0,0,2,32,
2,4,8,32,
round:276
2,4,2,512,
4,0,8,256,
0,0,0,64,
0,0,0,0,
round:277
2,4,2,512,
4,8,256,0,
64,0,2,0,
0,0,0,0,
round:278
2,4,2,512,
0,4,8,256,
0,0,64,2,
0,0,4,0,
round:279
0,0,2,0,
0,0,8,512,
4,0,64,256,
2,8,4,2,
round:280
4,8,2,512,
2,4,8,256,
0,0,64,2,
0,0,4,0,
round:281
4,8,2,512,
2,4,8,256,
0,4,64,2,
0,0,0,4,
round:282
2,0,0,512,
0,0,2,256,
4,8,8,2,
2,8,64,4,
round:283
0,0,2,512,
0,0,2,256,
2,4,16,2,
2,8,64,4,
round:284
0,4,0,512,
0,0,4,256,
0,4,16,2,
4,8,64,4,
round:285
4,8,4,512,
0,8,16,256,
0,0,64,2,
0,0,2,4,
round:286
4,16,4,512,
0,0,16,256,
4,0,64,2,
0,0,2,4,
round:287
8,16,4,512,
0,0,16,256,
2,0,64,2,
0,0,2,4,
round:288
8,16,4,512,
2,0,16,256,
2,0,64,2,
0,0,2,4,
round:289
8,16,4,512,
4,4,16,256,
0,0,64,2,
0,0,2,4,
round:290
8,16,4,512,
4,8,16,256,
0,0,64,2,
0,0,2,4,
round:291
4,0,4,512,
0,0,16,256,
8,16,64,2,
4,8,2,4,
round:292
4,16,4,512,
8,8,16,256,
4,0,64,2,
4,0,2,4,
round:293
4,16,4,512,
0,16,16,256,
0,4,64,2,
2,4,2,4,
round:294
4,32,4,512,
2,8,16,256,
4,0,64,2,
0,0,2,4,
round:295
4,32,4,512,
2,8,16,256,
0,4,64,2,
2,0,2,4,
round:296
4,32,4,512,
2,8,16,256,
0,4,64,2,
0,4,4,4,
round:297
4,32,4,512,
2,8,16,256,
0,4,64,2,
0,4,4,8,
round:298
4,32,4,512,
2,8,16,256,
4,64,2,2,
8,8,0,0,
round:299
4,32,4,512,
2,8,16,256,
0,4,64,4,
2,0,0,16,
round:300
4,32,4,512,
4,8,16,256,
0,4,64,4,
0,2,0,16,
round:301
0,32,2,512,
0,8,4,256,
0,4,16,4,
8,2,64,16,
round:302
8,32,2,512,
0,8,4,256,
2,4,16,4,
0,2,64,16,
round:303
0,32,2,512,
4,8,4,256,
8,4,16,4,
2,2,64,16,
round:304
2,32,2,512,
4,8,4,256,
8,4,16,4,
0,4,64,16,
round:305
2,32,2,512,
4,8,4,256,
8,8,16,4,
0,2,64,16,
round:306
0,4,2,512,
2,32,4,256,
4,16,16,4,
8,2,64,16,
round:307
0,4,2,512,
2,32,4,256,
4,4,32,4,
8,2,64,16,
round:308
4,4,2,512,
2,32,4,256,
0,8,32,4,
8,2,64,16,
round:309
0,8,2,512,
2,32,4,256,
2,8,32,4,
8,2,64,16,
round:310
0,8,2,512,
2,32,4,256,
4,8,32,4,
8,2,64,16,
round:311
2,8,2,512,
4,32,4,256,
8,8,32,4,
4,2,64,16,
round:312
2,8,2,512,
4,32,4,256,
4,16,32,4,
4,2,64,16,
round:313
2,8,2,512,
8,32,4,256,
4,16,32,4,
2,2,64,16,
round:314
2,8,2,512,
8,32,4,256,
4,16,32,4,
4,64,16,4,
round:315
2,8,2,512,
8,32,4,256,
8,16,32,8,
0,64,16,2,
round:316
2,8,2,512,
16,32,4,256,
0,16,32,8,
2,64,16,2,
round:317
4,8,2,512,
2,32,4,256,
16,16,32,8,
2,64,16,2,
round:318
4,8,2,512,
2,32,4,256,
4,32,32,8,
2,64,16,2,
round:319
4,2,2,512,
2,8,4,256,
4,64,32,8,
2,64,16,2,
round:320
4,2,2,512,
2,2,4,256,
4,8,32,8,
2,128,16,2,
round:321
0,4,4,512,
4,4,4,256,
4,8,32,8,
2,128,16,2,
round:322
0,2,8,512,
0,4,8,256,
4,8,32,8,
2,128,16,2,
round:323
4,2,16,512,
2,4,32,256,
4,8,16,8,
0,128,0,2,
round:324
0,2,2,512,
4,4,16,256,
2,8,32,8,
4,128,16,2,
round:325
0,2,4,512,
0,8,16,256,
2,8,32,8,
4,128,16,2,
round:326
2,2,4,512,
4,16,16,256,
0,128,32,8,
0,2,16,2,
round:327
0,4,4,512,
0,4,32,256,
0,128,32,8,
4,2,16,2,
round:328
4,8,4,512,
0,128,64,256,
0,2,16,8,
4,0,0,2,
round:329
8,8,4,512,
0,128,64,256,
2,2,16,8,
0,0,0,2,
round:330
0,16,4,512,
0,128,64,256,
0,4,16,8,
0,2,0,2,
round:331
0,16,4,512,
4,128,64,256,
0,4,16,8,
0,0,0,4,
round:332
4,16,4,512,
0,128,64,256,
0,4,16,8,
2,0,0,4,
round:333
4,16,4,512,
0,128,64,256,
2,4,16,8,
0,0,2,4,
round:334
4,16,4,512,
2,128,64,256,
4,4,16,8,
0,0,2,4,
round:335
4,16,4,512,
2,128,64,256,
0,8,16,8,
2,0,2,4,
round:336
4,16,4,512,
2,128,64,256,
0,8,16,8,
0,2,4,4,
round:337
4,16,4,512,
2,128,64,256,
2,8,16,8,
0,0,2,8,
round:338
4,16,4,512,
4,128,64,256,
0,8,16,16,
0,0,2,2,
round:339
4,16,4,512,
4,128,64,256,
0,0,8,32,
2,0,0,4,
round:340
4,16,4,512,
4,128,64,256,
0,2,8,32,
0,0,2,4,
round:341
0,0,4,512,
0,16,64,256,
4,128,8,32,
8,2,2,4,
round:342
0,0,4,512,
0,16,64,256,
4,128,8,32,
2,8,4,4,
round:343
0,0,4,512,
0,16,64,256,
4,128,8,32,
2,2,8,8,
round:344
0,2,4,512,
0,16,64,256,
4,128,8,32,
0,0,4,16,
round:345
4,2,4,512,
0,16,64,256,
0,128,8,32,
4,0,4,16,
round:346
4,2,4,512,
2,16,64,256,
0,128,8,32,
0,0,8,16,
round:347
2,0,0,512,
0,2,4,256,
4,16,64,32,
2,128,16,16,
round:348
2,0,2,512,
0,2,4,256,
4,16,64,32,
0,2,128,32,
round:349
2,2,2,512,
4,16,4,256,
0,2,64,64,
0,0,128,2,
round:350
0,2,4,512,
4,16,4,256,
4,0,2,128,
0,0,128,2,
round:351
8,2,8,512,
0,16,2,256,
0,0,128,128,
0,4,0,2,
round:352
8,2,8,512,
0,16,2,256,
0,2,0,256,
0,0,4,2,
round:353
8,2,8,512,
0,16,2,512,
0,2,4,2,
0,0,0,2,
round:354
8,2,8,1024,
0,16,2,4,
0,2,4,0,
0,0,0,2,
round:355
8,2,8,1024,
0,16,2,4,
0,0,2,4,
0,0,4,2,
round:356
8,2,8,1024,
0,16,4,8,
2,0,4,2,
0,0,0,0,
round:357
8,2,8,1024,
2,16,8,8,
0,0,0,2,
0,2,0,0,
round:358
8,2,8,1024,
0,2,16,16,
0,0,0,2,
0,0,2,2,
round:359
8,2,8,1024,
0,0,2,32,
0,0,0,2,
0,2,0,4,
round:360
8,2,8,1024,
0,0,2,32,
0,0,2,2,
0,0,2,4,
round:361
8,2,8,1024,
0,0,2,32,
4,0,0,4,
0,0,2,4,
round:362
8,2,8,1024,
4,0,4,32,
0,2,0,8,
0,0,0,0,
round:363
8,2,8,1024,
0,0,8,32,
0,0,2,8,
0,2,0,0,
round:364
8,2,8,1024,
0,0,8,32,
0,2,2,8,
0,0,0,2,
round:365
8,2,8,1024,
0,0,8,32,
2,0,4,8,
0,0,0,2,
round:366
8,2,16,1024,
2,0,4,32,
0,0,2,8,
0,0,0,2,
round:367
0,2,0,1024,
0,0,16,32,
8,0,4,8,
2,2,2,2,
round:368
0,0,2,1024,
0,0,16,32,
0,8,4,8,
4,0,4,4,
round:369
0,0,2,1024,
0,0,16,32,
0,8,4,8,
4,0,4,8,
round:370
4,8,2,1024,
0,2,16,32,
0,0,8,16,
0,0,0,0,
round:371
4,8,2,1024,
2,16,32,0,
8,16,0,0,
0,0,0,4,
round:372
4,8,2,1024,
0,2,16,32,
0,0,8,16,
0,0,4,4,
round:373
4,8,2,1024,
0,2,16,32,
0,4,8,16,
0,0,0,8,
round:374
2,0,0,1024,
0,8,2,32,
0,2,16,16,
4,4,8,8,
round:375
0,0,2,1024,
0,8,2,32,
0,0,2,32,
0,4,8,16,
round:376
0,8,4,1024,
0,4,2,64,
0,0,8,16,
0,0,2,0,
round:377
0,8,4,1024,
2,4,2,64,
0,0,8,16,
0,0,0,2,
round:378
0,0,2,1024,
0,0,4,64,
0,8,2,16,
2,4,8,2,
round:379
2,8,2,1024,
2,4,4,64,
0,0,2,16,
0,0,8,2,
round:380
2,8,2,1024,
0,2,8,64,
0,2,2,16,
0,0,8,2,
round:381
2,8,2,1024,
2,2,8,64,
0,0,4,16,
0,0,8,2,
round:382
2,8,2,1024,
0,4,8,64,
4,0,4,16,
0,0,8,2,
round:383
2,0,2,1024,
0,0,8,64,
2,8,4,16,
4,4,8,2,
round:384
0,4,4,1024,
0,0,8,64,
2,8,4,16,
0,8,8,2,
round:385
0,0,8,1024,
0,0,8,64,
2,8,4,16,
0,2,16,2,
round:386
2,8,16,1024,
0,2,4,64,
2,0,16,16,
0,0,0,2,
round:387
2,8,16,1024,
4,2,4,64,
0,0,2,32,
0,0,0,2,
round:388
0,0,4,1024,
0,0,16,64,
2,8,4,32,
4,2,2,2,
round:389
0,0,4,1024,
0,0,16,64,
2,8,4,32,
2,4,2,4,
round:390
4,8,4,1024,
4,4,16,64,
0,0,4,32,
0,0,2,4,
round:391
4,8,4,1024,
4,8,16,64,
0,0,4,32,
0,0,2,4,
round:392
8,16,4,1024,
0,0,16,64,
0,0,4,32,
0,4,2,4,
round:393
0,0,4,1024,
2,0,16,64,
0,16,4,32,
8,4,2,4,
round:394
2,16,4,1024,
8,4,16,64,
0,2,4,32,
0,0,2,4,
round:395
0,2,4,1024,
0,16,16,64,
2,4,4,32,
8,2,2,4,
round:396
4,2,4,1024,
0,0,32,64,
0,2,8,32,
0,8,4,4,
round:397
4,2,4,1024,
4,0,32,64,
0,2,8,32,
0,0,8,8,
round:398
0,0,0,1024,
0,0,4,64,
4,0,32,32,
8,4,16,8,
round:399
0,0,4,1024,
0,0,4,64,
0,0,4,64,
8,4,16,8,
round:400
8,4,8,1024,
0,4,4,128,
0,0,16,8,
0,0,0,0,
round:401
8,4,8,1024,
0,0,8,128,
0,0,16,8,
4,0,0,0,
round:402
8,4,16,1024,
4,0,16,128,
4,0,0,8,
0,0,0,0,
round:403
8,4,32,1024,
8,4,0,128,
0,0,0,8,
0,0,0,0,
round:404
16,8,32,1024,
0,0,0,128,
0,0,0,8,
0,0,0,2,
round:405
0,0,0,1024,
2,0,0,128,
0,0,0,8,
16,8,32,2,
round:406
2,8,32,1024,
16,0,0,128,
0,0,2,8,
0,0,0,2,
round:407
0,0,4,1024,
0,0,0,128,
2,0,32,8,
16,8,2,2,
round:408
0,0,4,1024,
4,0,0,128,
0,2,32,8,
0,16,8,4,
round:409
4,2,4,1024,
0,16,32,128,
0,0,8,8,
0,4,0,4,
round:410
4,2,4,1024,
0,16,32,128,
0,0,0,16,
2,0,0,8,
round:411
4,2,4,1024,
0,16,32,128,
4,0,0,16,
0,0,2,8,
round:412
4,2,4,1024,
0,16,32,128,
0,0,4,16,
4,0,2,8,
round:413
8,2,4,1024,
0,16,32,128,
0,0,4,16,
2,0,2,8,
round:414
8,2,4,1024,
0,16,32,128,
0,4,4,16,
0,0,4,8,
round:415
8,2,4,1024,
0,16,32,128,
0,0,8,16,
2,0,4,8,
round:416
8,2,4,1024,
0,16,32,128,
4,0,8,16,
0,2,4,8,
round:417
8,2,4,1024,
4,16,32,128,
2,2,8,16,
0,0,4,8,
round:418
8,2,4,1024,
4,16,32,128,
2,4,8,16,
0,0,4,8,
round:419
4,0,4,1024,
8,2,32,128,
4,16,8,16,
2,4,4,8,
round:420
0,0,8,1024,
8,2,32,128,
4,16,8,16,
2,2,8,8,
round:421
0,4,8,1024,
8,2,32,128,
4,16,8,16,
0,0,4,16,
round:422
8,4,8,1024,
4,2,32,128,
0,16,8,32,
0,0,4,4,
round:423
8,4,8,1024,
4,2,32,128,
0,16,8,32,
0,0,2,8,
round:424
0,0,8,1024,
2,4,32,128,
8,2,8,32,
4,16,2,8,
round:425
2,4,8,1024,
8,2,32,128,
4,16,8,32,
4,0,2,8,
round:426
2,4,8,1024,
8,2,32,128,
8,16,8,32,
0,4,2,8,
round:427
2,4,8,1024,
16,2,32,128,
2,16,8,32,
0,4,2,8,
round:428
2,4,8,1024,
2,2,32,128,
16,16,8,32,
2,4,2,8,
round:429
2,4,8,1024,
0,4,32,128,
4,32,8,32,
2,4,2,8,
round:430
2,8,8,1024,
4,32,32,128,
2,4,8,32,
0,2,2,8,
round:431
0,2,16,1024,
0,4,64,128,
2,4,8,32,
2,0,4,8,
round:432
4,2,16,1024,
0,8,64,128,
4,0,8,32,
0,0,4,8,
round:433
4,2,16,1024,
0,8,64,128,
2,4,8,32,
0,0,4,8,
round:434
0,0,16,1024,
4,2,64,128,
4,8,8,32,
2,4,4,8,
round:435
0,0,16,1024,
4,2,64,128,
0,4,16,32,
4,2,8,8,
round:436
0,0,16,1024,
4,2,64,128,
0,4,16,32,
4,4,2,16,
round:437
8,2,16,1024,
0,8,64,128,
2,0,16,32,
0,0,2,16,
round:438
8,2,16,1024,
2,8,64,128,
0,2,16,32,
0,0,2,16,
round:439
4,0,16,1024,
0,2,64,128,
8,8,16,32,
2,2,2,16,
round:440
0,4,16,1024,
0,2,64,128,
0,16,16,32,
4,2,4,16,
round:441
0,4,16,1024,
0,2,64,128,
2,0,32,32,
4,2,4,16,
round:442
4,4,16,1024,
0,2,64,128,
0,0,2,64,
4,2,4,16,
round:443
8,4,16,1024,
0,4,64,128,
0,2,2,64,
0,0,4,16,
round:444
8,4,16,1024,
0,4,64,128,
0,4,4,64,
0,0,4,16,
round:445
0,0,0,1024,
4,0,16,128,
0,4,64,64,
8,8,8,16,
round:446
0,0,0,1024,
2,4,16,128,
0,0,4,128,
0,8,16,16,
round:447
2,4,16,1024,
0,8,4,256,
0,4,16,16,
0,0,0,0,
round:448
2,4,16,1024,
0,8,4,256,
0,0,4,32,
0,0,4,0,
round:449
2,4,16,1024,
0,8,8,256,
0,0,4,32,
2,0,0,0,
round:450
4,4,16,1024,
0,8,8,256,
0,0,4,32,
0,0,4,0,
round:451
0,8,16,1024,
0,2,16,256,
0,0,4,32,
0,0,0,4,
round:452
0,0,0,1024,
2,0,0,256,
0,8,32,32,
0,2,4,4,
round:453
0,0,0,1024,
0,0,2,256,
4,0,8,64,
0,0,2,8,
round:454
4,2,2,1024,
0,0,8,256,
0,0,2,64,
0,0,0,8,
round:455
0,4,4,1024,
0,0,8,256,
0,0,2,64,
4,0,0,8,
round:456
0,0,8,1024,
0,2,8,256,
0,0,2,64,
0,0,4,8,
round:457
4,2,16,1024,
0,0,2,256,
0,0,4,64,
0,0,0,8,
round:458
0,0,0,1024,
0,0,16,256,
0,2,2,64,
4,2,4,8,
round:459
0,4,0,1024,
0,0,16,256,
0,0,4,64,
4,2,4,8,
round:460
0,0,0,1024,
0,2,0,256,
0,4,16,64,
4,2,8,8,
round:461
0,2,0,1024,
0,0,2,256,
0,4,16,64,
0,4,2,16,
round:462
0,0,0,1024,
0,4,2,256,
0,2,16,64,
0,8,2,16,
round:463
0,4,2,1024,
4,2,16,256,
0,8,2,64,
0,0,0,16,
round:464
4,4,2,1024,
0,2,16,256,
0,8,2,64,
0,4,0,16,
round:465
0,8,2,1024,
0,2,16,256,
0,8,2,64,
4,0,4,16,
round:466
0,8,2,1024,
0,2,16,256,
0,8,2,64,
4,0,8,16,
round:467
0,0,2,1024,
2,8,16,256,
0,2,2,64,
4,8,8,16,
round:468
0,4,2,1024,
2,8,16,256,
0,0,4,64,
0,4,16,16,
round:469
0,4,2,1024,
2,8,16,256,
0,4,4,64,
0,0,4,32,
round:470
0,4,0,1024,
0,4,2,256,
0,8,16,64,
2,4,8,32,
round:471
0,0,0,1024,
0,8,2,256,
2,8,16,64,
2,4,8,32,
round:472
0,2,0,1024,
0,0,2,256,
0,16,16,64,
4,4,8,32,
round:473
0,0,2,1024,
2,0,2,256,
0,0,32,64,
0,8,8,32,
round:474
0,0,2,1024,
0,2,4,256,
0,0,32,64,
0,0,16,32,
round:475
0,0,2,1024,
0,0,4,256,
0,0,32,64,
2,2,16,32,
round:476
0,0,2,1024,
0,4,4,256,
0,0,32,64,
0,4,16,32,
round:477
0,0,2,1024,
0,0,4,256,
0,0,32,64,
2,8,16,32,
round:478
2,8,2,1024,
2,0,4,256,
0,0,32,64,
0,0,16,32,
round:479
0,0,2,1024,
0,0,4,256,
2,0,32,64,
4,8,16,32,
round:480
2,0,2,1024,
0,0,4,256,
0,2,32,64,
4,8,16,32,
round:481
0,2,2,1024,
0,0,4,256,
2,2,32,64,
4,8,16,32,
round:482
4,0,2,1024,
0,0,4,256,
2,4,32,64,
4,8,16,32,
round:483
0,4,2,1024,
2,0,4,256,
2,4,32,64,
4,8,16,32,
round:484
4,0,2,1024,
0,0,4,256,
4,8,32,64,
4,8,16,32,
round:485
0,0,2,1024,
2,0,4,256,
4,0,32,64,
8,16,16,32,
round:486
0,4,2,1024,
0,2,4,256,
0,4,32,64,
0,8,32,32,
round:487
4,4,2,1024,
0,2,4,256,
0,4,32,64,
0,0,8,64,
round:488
4,4,2,1024,
4,2,4,256,
0,4,32,128,
0,0,8,0,
round:489
0,8,2,1024,
4,2,4,256,
0,4,32,128,
0,0,2,8,
round:490
4,8,2,1024,
0,2,4,256,
2,4,32,128,
0,0,2,8,
round:491
4,8,2,1024,
2,2,4,256,
0,4,32,128,
4,0,2,8,
round:492
4,8,2,1024,
0,4,4,256,
0,4,32,128,
4,4,2,8,
round:493
8,8,2,1024,
0,8,4,256,
4,4,32,128,
0,0,2,8,
round:494
8,16,2,1024,
4,4,4,256,
0,4,32,128,
0,0,2,8,
round:495
8,16,2,1024,
0,4,8,256,
0,4,32,128,
0,2,2,8,
round:496
8,16,2,1024,
0,4,8,256,
2,4,32,128,
0,0,4,8,
round:497
0,2,2,1024,
0,0,8,256,
8,16,32,128,
2,8,4,8,
round:498
8,2,2,1024,
2,16,8,256,
4,8,32,128,
0,0,4,8,
round:499
2,8,4,1024,
2,16,8,256,
4,8,32,128,
0,0,4,8,
round:500
4,8,4,1024,
4,16,8,256,
0,8,32,128,
2,0,4,8,
round:501
8,8,4,1024,
2,16,8,256,
0,8,32,128,
2,0,4,8,
round:502
8,8,4,1024,
4,16,8,256,
2,8,32,128,
0,0,4,8,
round:503
4,16,4,1024,
4,16,8,256,
2,8,32,128,
0,0,4,8,
round:504
8,32,4,1024,
2,8,8,256,
0,0,32,128,
0,4,4,8,
round:505
8,32,4,1024,
0,2,16,256,
0,0,32,128,
0,2,8,8,
round:506
8,32,4,1024,
0,2,16,256,
0,0,32,128,
4,0,2,16,
round:507
2,0,4,1024,
0,0,16,256,
8,32,32,128,
4,2,2,16,
round:508
0,2,4,1024,
0,0,16,256,
0,8,64,128,
4,4,4,16,
round:509
0,2,4,1024,
2,0,16,256,
0,8,64,128,
0,4,8,16,
round:510
0,0,4,1024,
0,2,16,256,
4,8,64,128,
2,4,8,16,
round:511
4,2,4,1024,
2,8,16,256,
0,4,64,128,
0,2,8,16,
round:512
0,2,4,1024,
2,8,16,256,
4,4,64,128,
2,2,8,16,
round:513
0,2,4,1024,
2,8,16,256,
2,8,64,128,
0,4,8,16,
round:514
0,4,4,1024,
0,2,16,256,
0,16,64,128,
4,4,8,16,
round:515
0,2,8,1024,
0,2,16,256,
0,16,64,128,
0,8,8,16,
round:516
0,2,8,1024,
0,2,16,256,
0,16,64,128,
2,0,16,16,
round:517
4,2,8,1024,
0,2,16,256,
0,16,64,128,
0,0,2,32,
round:518
4,4,8,1024,
2,16,16,256,
0,0,64,128,
0,0,2,32,
round:519
0,8,8,1024,
4,2,32,256,
0,0,64,128,
0,0,2,32,
round:520
4,0,8,1024,
0,0,32,256,
0,8,64,128,
4,2,2,32,
round:521
0,4,8,1024,
0,0,32,256,
4,8,64,128,
0,4,4,32,
round:522
4,4,8,1024,
0,0,32,256,
4,8,64,128,
0,0,8,32,
round:523
0,2,8,1024,
0,0,32,256,
0,4,64,128,
8,8,8,32,
round:524
0,2,8,1024,
0,4,32,256,
0,4,64,128,
0,8,16,32,
round:525
0,4,8,1024,
0,2,32,256,
0,8,64,128,
0,8,16,32,
round:526
0,2,8,1024,
0,4,32,256,
0,2,64,128,
0,16,16,32,
round:527
0,2,8,1024,
0,4,32,256,
0,2,64,128,
0,2,32,32,
round:528
0,2,8,1024,
4,4,32,256,
0,2,64,128,
0,0,2,64,
round:529
0,0,8,1024,
4,2,32,256,
0,4,64,128,
4,2,2,64,
round:530
0,4,8,1024,
4,2,32,256,
0,4,64,128,
0,4,4,64,
round:531
0,4,8,1024,
4,2,32,256,
0,4,64,128,
0,2,8,64,
round:532
4,4,8,1024,
0,2,32,256,
2,4,64,128,
0,2,8,64,
round:533
0,4,8,1024,
4,2,32,256,
4,4,64,128,
2,2,8,64,
round:534
0,4,8,1024,
4,2,32,256,
0,8,64,128,
2,4,8,64,
round:535
4,4,8,1024,
2,2,32,256,
2,8,64,128,
0,4,8,64,
round:536
2,4,8,1024,
0,2,32,256,
4,8,64,128,
4,4,8,64,
round:537
2,4,8,1024,
0,2,32,256,
4,8,64,128,
4,8,8,64,
round:538
2,4,8,1024,
0,2,32,256,
4,8,64,128,
4,4,16,64,
round:539
2,4,8,1024,
4,2,32,256,
4,8,64,128,
0,8,16,64,
round:540
0,4,8,1024,
0,4,32,256,
2,2,64,128,
8,16,16,64,
round:541
2,4,8,1024,
0,4,32,256,
0,4,64,128,
0,8,32,64,
round:542
2,0,8,1024,
0,4,32,256,
0,8,64,128,
2,8,32,64,
round:543
0,0,8,1024,
4,0,32,256,
0,4,64,128,
4,16,32,64,
round:544
0,0,8,1024,
0,4,32,256,
0,4,64,128,
8,16,32,64,
round:545
0,0,8,1024,
2,0,32,256,
0,8,64,128,
8,16,32,64,
round:546
0,0,8,1024,
2,2,32,256,
0,8,64,128,
8,16,32,64,
round:547
2,0,8,1024,
0,4,32,256,
0,8,64,128,
8,16,32,64,
round:548
0,2,8,1024,
4,4,32,256,
0,8,64,128,
8,16,32,64,
round:549
0,2,8,1024,
0,8,32,256,
2,8,64,128,
8,16,32,64,
round:550
0,0,8,1024,
2,2,32,256,
2,16,64,128,
8,16,32,64,
round:551
0,2,8,1024,
0,0,32,256,
4,2,64,128,
8,32,32,64,
round:552
0,2,8,1024,
4,0,32,256,
4,2,64,128,
0,8,64,64,
round:553
4,2,8,1024,
0,4,32,256,
4,2,64,128,
0,0,8,128,
round:554
8,2,8,1024,
0,4,32,256,
0,2,64,256,
0,2,8,0,
round:555
8,2,8,1024,
0,4,32,512,
2,4,64,0,
0,0,8,0,
round:556
8,2,8,1024,
0,4,32,512,
0,2,4,64,
4,0,0,8,
round:557
8,2,8,1024,
0,4,32,512,
0,2,4,64,
2,0,4,8,
round:558
0,0,2,1024,
0,2,8,512,
8,4,32,64,
2,2,8,8,
round:559
2,0,2,1024,
0,2,8,512,
8,4,32,64,
0,0,4,16,
round:560
4,0,2,1024,
0,0,8,512,
2,2,32,64,
8,4,4,16,
round:561
0,4,2,1024,
0,4,8,512,
0,4,32,64,
0,8,8,16,
round:562
0,4,2,1024,
0,4,8,512,
0,4,32,64,
4,0,16,16,
round:563
0,4,2,1024,
0,4,8,512,
0,4,32,64,
0,2,4,32,
round:564
4,0,2,1024,
0,4,8,512,
0,8,32,64,
0,2,4,32,
round:565
4,4,2,1024,
0,4,8,512,
0,8,32,64,
0,2,4,32,
round:566
0,0,2,1024,
0,8,8,512,
4,8,32,64,
4,2,4,32,
round:567
8,16,2,1024,
2,2,8,512,
0,0,32,64,
0,0,4,32,
round:568
8,16,2,1024,
0,4,8,512,
0,0,32,64,
0,2,4,32,
round:569
0,0,2,1024,
0,16,8,512,
4,4,32,64,
8,2,4,32,
round:570
0,0,2,1024,
2,16,8,512,
0,8,32,64,
8,2,4,32,
round:571
2,16,2,1024,
8,8,8,512,
2,2,32,64,
0,0,4,32,
round:572
2,0,2,1024,
2,16,8,512,
8,8,32,64,
2,2,4,32,
round:573
4,0,4,1024,
2,16,8,512,
0,16,32,64,
0,4,4,32,
round:574
0,0,8,1024,
2,16,8,512,
4,16,32,64,
0,0,8,32,
round:575
2,32,16,1024,
4,2,32,512,
0,0,8,64,
0,0,0,32,
round:576
0,0,4,1024,
0,0,16,512,
2,32,32,64,
4,2,8,32,
round:577
0,0,4,1024,
0,2,16,512,
0,2,64,64,
4,2,8,32,
round:578
0,0,4,1024,
0,2,16,512,
0,2,2,128,
4,2,8,32,
round:579
0,0,4,1024,
2,2,16,512,
0,0,4,128,
4,2,8,32,
round:580
0,0,4,1024,
4,0,16,512,
2,0,4,128,
4,4,8,32,
round:581
0,0,4,1024,
4,4,16,512,
0,2,4,128,
0,8,8,32,
round:582
4,0,4,1024,
0,8,16,512,
0,2,4,128,
0,0,16,32,
round:583
4,8,4,1024,
0,2,16,512,
0,0,4,128,
0,4,16,32,
round:584
4,8,4,1024,
4,2,16,512,
0,4,4,128,
0,0,16,32,
round:585
4,8,4,1024,
4,2,16,512,
0,4,8,128,
0,0,16,32,
round:586
8,8,4,1024,
0,2,16,512,
0,4,8,128,
0,2,16,32,
round:587
0,16,4,1024,
0,2,16,512,
4,4,8,128,
0,2,16,32,
round:588
0,16,4,1024,
4,2,16,512,
0,8,8,128,
0,2,16,32,
round:589
0,16,4,1024,
4,2,16,512,
0,4,16,128,
0,2,16,32,
round:590
0,16,0,1024,
4,2,4,512,
0,4,16,128,
4,2,32,32,
round:591
0,4,16,1024,
4,2,4,512,
0,4,16,128,
0,4,2,64,
round:592
4,4,16,1024,
0,2,4,512,
0,8,16,128,
4,0,2,64,
round:593
2,8,16,1024,
0,2,4,512,
0,8,16,128,
0,4,2,64,
round:594
2,8,16,1024,
0,2,4,512,
0,8,16,128,
2,4,2,64,
round:595
4,8,16,1024,
0,2,4,512,
0,8,16,128,
4,4,2,64,
round:596
4,8,16,1024,
0,2,4,512,
4,8,16,128,
0,8,2,64,
round:597
8,8,16,1024,
2,2,4,512,
0,16,16,128,
0,0,2,64,
round:598
0,16,16,1024,
0,4,4,512,
0,0,32,128,
0,2,2,64,
round:599
0,2,32,1024,
0,0,8,512,
0,0,32,128,
0,0,4,64,
round:600
0,4,32,1024,
0,0,8,512,
0,0,32,128,
0,2,4,64,
round:601
0,4,32,1024,
0,2,8,512,
0,0,32,128,
0,4,4,64,
round:602
0,4,32,1024,
0,2,8,512,
0,0,32,128,
4,0,8,64,
round:603
0,4,32,1024,
2,2,8,512,
0,0,32,128,
0,4,8,64,
round:604
0,4,32,1024,
2,4,8,512,
0,0,32,128,
0,4,8,64,
round:605
0,0,32,1024,
4,0,8,512,
0,4,32,128,
2,8,8,64,
round:606
0,0,32,1024,
0,4,8,512,
2,4,32,128,
0,2,16,64,
round:607
0,0,32,1024,
2,0,8,512,
0,8,32,128,
2,2,16,64,
round:608
0,0,32,1024,
0,2,8,512,
2,8,32,128,
0,4,16,64,
round:609
0,0,32,1024,
0,2,8,512,
4,8,32,128,
2,4,16,64,
round:610
4,2,32,1024,
2,8,8,512,
0,4,32,128,
2,0,16,64,
round:611
2,0,32,1024,
0,2,8,512,
4,8,32,128,
4,4,16,64,
round:612
0,2,32,1024,
0,2,8,512,
4,8,32,128,
2,8,16,64,
round:613
0,4,32,1024,
0,0,8,512,
4,4,32,128,
2,16,16,64,
round:614
4,4,32,1024,
0,0,8,512,
0,8,32,128,
0,2,32,64,
round:615
0,0,0,1024,
2,4,32,512,
0,8,8,128,
4,2,64,64,
round:616
0,4,0,1024,
2,4,32,512,
0,0,16,128,
0,4,2,128,
round:617
2,8,32,1024,
0,4,16,512,
0,0,2,256,
0,4,0,0,
round:618
2,8,32,1024,
0,8,16,512,
0,2,2,256,
0,0,0,0,
round:619
2,8,32,1024,
0,8,16,512,
0,0,4,256,
4,0,0,0,
round:620
2,8,32,1024,
4,8,16,512,
0,0,4,256,
0,0,0,4,
round:621
0,0,0,1024,
2,0,32,512,
2,0,16,256,
4,16,4,4,
round:622
0,4,0,1024,
0,2,32,512,
0,2,16,256,
0,4,16,8,
round:623
0,4,32,1024,
0,4,32,512,
0,4,2,256,
0,0,0,8,
round:624
0,8,64,1024,
0,4,2,512,
0,0,0,256,
4,0,0,8,
round:625
0,8,64,1024,
0,4,2,512,
4,0,0,256,
0,0,4,8,
round:626
0,0,0,1024,
0,2,64,512,
0,8,2,256,
4,4,4,8,
round:627
0,0,0,1024,
0,2,64,512,
2,8,2,256,
0,4,8,8,
round:628
0,0,0,1024,
0,2,64,512,
2,8,2,256,
0,4,4,16,
round:629
0,0,0,1024,
0,2,64,512,
2,8,2,256,
4,0,8,16,
round:630
0,0,2,1024,
0,0,64,512,
2,2,2,256,
4,8,8,16,
round:631
0,2,2,1024,
0,0,64,512,
0,2,4,256,
0,4,16,16,
round:632
0,0,4,1024,
4,0,64,512,
0,2,4,256,
0,0,4,32,
round:633
0,0,0,1024,
0,0,4,512,
0,2,64,256,
4,2,8,32,
round:634
0,2,0,1024,
0,0,4,512,
0,0,64,256,
4,4,8,32,
round:635
0,0,2,1024,
2,0,4,512,
0,0,64,256,
0,8,8,32,
round:636
0,0,2,1024,
0,2,4,512,
0,0,64,256,
0,2,16,32,
round:637
0,0,2,1024,
0,0,4,512,
2,0,64,256,
0,4,16,32,
round:638
0,0,2,1024,
0,4,4,512,
0,0,64,256,
2,4,16,32,
round:639
0,0,2,1024,
2,0,4,512,
0,0,64,256,
2,8,16,32,
round:640
4,0,2,1024,
0,0,4,512,
0,0,64,256,
4,8,16,32,
round:641
4,0,2,1024,
0,0,4,512,
0,0,64,256,
8,8,16,32,
round:642
0,4,2,1024,
0,4,4,512,
0,0,64,256,
0,16,16,32,
round:643
0,4,2,1024,
0,0,8,512,
0,0,64,256,
0,4,32,32,
round:644
0,4,2,1024,
0,2,8,512,
0,0,64,256,
0,0,4,64,
round:645
0,0,2,1024,
4,0,8,512,
0,4,64,256,
0,2,4,64,
round:646
4,4,2,1024,
0,2,8,512,
0,0,64,256,
2,0,4,64,
round:647
2,0,2,1024,
0,0,8,512,
4,4,64,256,
2,2,4,64,
round:648
0,0,4,1024,
0,4,8,512,
0,8,64,256,
0,4,4,64,
round:649
0,4,4,1024,
0,4,8,512,
0,8,64,256,
0,0,8,64,
round:650
0,2,4,1024,
0,0,8,512,
0,8,64,256,
0,8,8,64,
round:651
0,2,4,1024,
0,0,8,512,
4,8,64,256,
0,0,16,64,
round:652
0,0,4,1024,
2,0,8,512,
0,2,64,256,
4,8,16,64,
round:653
0,0,4,1024,
0,2,8,512,
2,2,64,256,
4,8,16,64,
round:654
0,2,4,1024,
0,2,8,512,
0,4,64,256,
4,8,16,64,
round:655
0,0,4,1024,
0,4,8,512,
2,4,64,256,
4,8,16,64,
round:656
0,2,4,1024,
0,0,8,512,
2,8,64,256,
4,8,16,64,
round:657
4,0,4,1024,
0,0,8,512,
2,2,64,256,
4,16,16,64,
round:658
0,0,8,1024,
0,2,8,512,
0,4,64,256,
0,4,32,64,
round:659
0,0,0,1024,
0,4,16,512,
0,2,64,256,
0,8,32,64,
round:660
0,4,16,1024,
0,2,64,512,
0,8,32,256,
0,0,2,64,
round:661
4,0,16,1024,
0,4,64,512,
0,2,32,256,
0,8,2,64,
round:662
4,4,16,1024,
0,2,64,512,
0,8,32,256,
4,0,2,64,
round:663
4,8,16,1024,
0,2,64,512,
0,8,32,256,
0,4,2,64,
round:664
0,8,16,1024,
0,2,64,512,
4,8,32,256,
4,4,2,64,
round:665
0,8,16,1024,
4,2,64,512,
4,8,32,256,
0,8,2,64,
round:666
8,8,16,1024,
0,2,64,512,
0,16,32,256,
0,4,2,64,
round:667
0,16,16,1024,
2,2,64,512,
0,16,32,256,
0,4,2,64,
round:668
0,2,32,1024,
0,4,64,512,
0,16,32,256,
0,4,2,64,
round:669
2,32,1024,0,
4,64,512,0,
16,32,256,4,
4,2,64,0,
round:670
2,2,32,1024,
0,4,64,512,
16,32,256,4,
0,4,2,64,
round:671
4,4,32,1024,
0,4,64,512,
16,32,256,4,
0,4,2,64,
round:672
0,8,32,1024,
0,4,64,512,
16,32,256,4,
4,4,2,64,
round:673
16,8,32,1024,
4,4,64,512,
0,32,256,4,
4,4,2,64,
round:674
16,8,32,1024,
0,8,64,512,
2,32,256,4,
0,8,2,64,
round:675
16,16,32,1024,
2,32,64,512,
0,8,256,4,
0,4,2,64,
round:676
0,32,32,1024,
2,32,64,512,
4,8,256,4,
0,4,2,64,
round:677
4,0,64,1024,
2,32,64,512,
4,8,256,4,
0,4,2,64,
round:678
4,0,0,1024,
4,32,128,512,
2,8,256,4,
4,4,2,64,
round:679
8,32,128,1024,
2,8,256,512,
4,4,2,4,
0,0,4,64,
round:680
8,32,128,1024,
2,8,256,512,
0,8,2,4,
0,2,4,64,
round:681
8,32,128,1024,
2,16,256,512,
0,2,2,4,
4,0,4,64,
round:682
8,32,128,1024,
2,16,256,512,
0,0,4,4,
2,0,8,64,
round:683
8,32,128,1024,
4,16,256,512,
0,0,4,4,
4,0,8,64,
round:684
8,32,128,1024,
8,16,256,512,
4,0,4,4,
0,0,8,64,
round:685
16,32,128,1024,
4,16,256,512,
2,0,4,4,
0,0,8,64,
round:686
16,32,128,1024,
4,16,256,512,
0,0,2,8,
2,0,8,64,
round:687
16,32,128,1024,
4,16,256,512,
2,0,2,8,
2,0,8,64,
round:688
16,32,128,1024,
4,16,256,512,
4,0,2,8,
2,0,8,64,
round:689
16,32,128,1024,
8,16,256,512,
2,0,2,8,
2,0,8,64,
round:690
16,32,128,1024,
8,16,256,512,
4,0,2,8,
0,2,8,64,
round:691
16,32,128,1024,
8,16,256,512,
4,2,8,4,
2,8,64,0,
round:692
16,32,128,1024,
8,16,256,512,
4,2,8,4,
2,2,8,64,
round:693
16,32,128,1024,
8,16,256,512,
4,4,16,4,
2,0,4,64,
round:694
16,32,128,1024,
8,16,256,512,
8,16,4,4,
2,4,64,0,
round:695
16,32,128,1024,
16,32,256,512,
2,4,4,4,
2,0,64,0,
round:696
32,64,128,1024,
4,4,256,512,
0,0,4,4,
4,0,64,0,
round:697
32,64,128,1024,
0,8,256,512,
2,0,0,8,
0,0,4,64,
round:698
32,64,128,1024,
2,8,256,512,
2,0,4,8,
0,0,0,64,
round:699
32,64,128,1024,
4,8,256,512,
0,4,4,8,
0,0,0,64,
round:700
32,64,128,1024,
4,8,256,512,
8,8,0,0,
64,0,0,4,
round:701
32,64,128,1024,
4,16,256,512,
8,0,0,4,
64,0,0,2,
round:702
32,64,128,1024,
4,16,256,512,
4,0,8,4,
0,0,64,2,
round:703
32,64,128,1024,
8,16,256,512,
0,0,8,4,
2,0,64,2,
round:704
32,64,128,1024,
8,16,256,512,
8,4,0,0,
2,64,2,2,
round:705
32,64,128,1024,
16,16,256,512,
2,4,2,2,
2,64,0,0,
round:706
32,64,128,1024,
32,256,512,4,
2,4,4,0,
2,64,0,0,
round:707
64,64,128,1024,
4,256,512,4,
0,4,4,2,
0,64,0,0,
round:708
2,128,128,1024,
4,256,512,4,
0,0,8,2,
0,0,0,64,
round:709
0,2,256,1024,
4,256,512,4,
4,0,8,2,
0,0,0,64,
round:710
2,256,1024,0,
4,256,512,4,
4,8,2,0,
64,4,0,0,
round:711
0,0,0,4,
2,512,1024,0,
8,8,512,0,
64,4,2,4,
round:712
2,512,1024,8,
8,8,512,4,
64,4,2,0,
0,0,0,0,
round:713
2,512,1024,8,
0,16,512,4,
0,64,4,2,
4,0,0,0,
round:714
2,512,1024,8,
4,16,512,4,
0,64,4,2,
4,0,0,0,
round:715
2,512,1024,8,
8,16,512,4,
0,64,4,2,
0,2,0,0,
round:716
2,512,1024,8,
8,16,512,4,
0,64,4,2,
0,0,4,2,
round:717
2,512,1024,8,
8,16,512,4,
0,64,8,4,
4,0,0,0,
round:718
2,512,1024,8,
8,16,512,8,
4,64,8,0,
0,0,0,2,
round:719
2,512,1024,16,
8,16,512,2,
4,64,8,0,
0,0,2,0,
round:720
2,0,1024,0,
2,512,512,0,
8,16,8,16,
4,64,2,2,
round:721
0,0,2,1024,
0,2,2,1024,
8,16,8,16,
0,4,64,4,
round:722
8,2,4,2048,
2,16,8,16,
0,4,64,4,
0,0,0,0,
