round:0
0,0,4,0,
0,0,0,0,
0,0,0,2,
0,0,0,0,
round:1
4,0,0,0,
4,0,0,0,
2,0,0,0,
0,0,0,0,
round:2
0,4,0,4,
0,0,0,4,
0,0,0,2,
0,0,0,0,
round:3
0,4,4,8,
0,0,0,2,
0,0,0,0,
0,0,0,0,
round:4
0,0,4,0,
0,0,0,0,
0,0,0,8,
0,4,4,2,
round:5
4,0,0,0,
0,2,0,0,
8,0,0,0,
8,2,0,0,
round:6
0,0,0,4,
0,0,0,2,
0,0,4,8,
0,0,8,2,
round:7
4,0,0,0,
2,0,0,0,
4,8,0,4,
8,2,0,0,
round:8
4,8,0,4,
2,2,0,0,
4,0,0,2,
8,0,0,0,
round:9
4,8,4,0,
4,4,0,0,
4,2,0,0,
8,0,0,0,
round:10
0,0,0,0,
4,8,0,0,
8,4,4,0,
8,2,4,0,
round:11
0,0,0,0,
0,0,4,8,
0,0,8,8,
2,8,2,4,
round:12
2,8,4,16,
0,0,8,4,
0,0,2,0,
4,0,0,0,
round:13
2,8,4,16,
8,4,0,0,
2,0,0,0,
4,2,0,0,
round:14
2,2,0,0,
8,8,0,0,
2,4,0,0,
4,2,4,16,
round:15
2,2,4,16,
8,8,0,4,
2,4,0,0,
4,2,0,0,
round:16
0,4,4,16,
0,0,16,4,
0,0,2,4,
0,2,4,2,
round:17
0,0,4,0,
0,0,16,16,
0,4,2,8,
4,2,4,2,
round:18
4,4,0,0,
32,0,0,0,
4,2,8,0,
4,2,4,2,
round:19
4,4,8,2,
32,4,4,2,
8,0,0,0,
0,0,0,0,
round:20
0,8,8,2,
0,32,8,2,
0,0,2,8,
0,0,0,0,
round:21
4,0,0,0,
0,0,0,0,
0,8,16,4,
0,32,2,8,
round:22
4,0,0,0,
0,0,0,0,
8,16,4,2,
32,2,8,0,
round:23
4,16,4,2,
8,2,8,0,
32,0,0,4,
0,0,0,0,
round:24
0,0,0,0,
4,0,2,0,
8,16,4,2,
32,2,8,4,
round:25
4,16,2,2,
8,2,4,4,
32,0,8,0,
0,2,0,0,
round:26
0,4,16,4,
4,8,2,8,
0,0,32,8,
0,0,0,2,
round:27
4,16,4,0,
4,8,2,8,
32,8,0,0,
2,4,0,0,
round:28
0,4,16,4,
4,8,2,8,
4,0,32,8,
0,0,2,4,
round:29
4,16,4,0,
4,8,2,8,
4,32,8,0,
2,4,2,0,
round:30
0,4,16,4,
4,8,2,8,
2,4,32,8,
0,2,4,2,
round:31
4,16,4,2,
4,8,2,8,
2,4,32,8,
2,4,2,0,
round:32
4,16,4,2,
4,8,2,8,
2,4,32,8,
4,2,4,2,
round:33
4,16,4,2,
4,8,2,8,
2,4,32,8,
4,2,4,2,
round:34
4,16,4,2,
4,8,2,8,
2,4,32,8,
4,2,4,2,
round:35
4,16,4,2,
4,8,2,8,
2,4,32,8,
4,2,4,2,
round:36
8,16,4,2,
2,8,2,16,
4,4,32,2,
0,2,4,2,
round:37
0,16,4,4,
8,8,2,2,
2,4,32,16,
4,2,4,4,
round:38
8,16,4,4,
2,8,2,2,
4,4,32,16,
2,2,4,4,
round:39
8,16,4,4,
2,8,2,2,
4,4,32,16,
2,2,4,4,
round:40
8,16,4,4,
2,8,2,2,
4,4,32,16,
2,2,4,4,
round:41
0,8,16,8,
0,2,8,4,
0,8,32,16,
4,0,4,8,
round:42
8,16,8,0,
2,8,4,0,
8,32,16,0,
8,8,4,0,
round:43
0,8,16,8,
0,2,8,4,
0,8,32,16,
2,0,16,4,
round:44
8,16,8,0,
2,8,4,0,
8,32,16,0,
2,16,4,2,
round:45
4,8,16,8,
0,2,8,4,
0,8,32,16,
2,16,4,2,
round:46
4,8,16,8,
2,2,8,4,
2,8,32,16,
0,16,4,2,
round:47
0,8,16,8,
2,2,8,4,
4,8,32,16,
4,16,4,2,
round:48
2,8,16,8,
8,2,8,4,
0,8,32,16,
4,16,4,2,
round:49
2,8,16,8,
2,2,8,4,
8,8,32,16,
4,16,4,2,
round:50
4,8,16,8,
8,2,8,4,
4,8,32,16,
2,16,4,2,
